
 start pl/0
 t   b   p     f   l   a                 0   1   2   3   4   5   6   7   8   9  10  11  12  13  14
 === === ===   === === ===             === === === === === === === === === === === === === === ===
  -1   0   0   INT   0   5      s[] :    0   0   0   0   0
   4   0   1   LIT   0   4      s[] :    0   0   0   0   0   4
   5   0   2   STO   0   3      s[] :    0   0   0   4   0
   4   0   3   LOD   0   3      s[] :    0   0   0   4   0   4
   5   0   4   STO   0   8      s[] :    0   0   0   4   0
   4   0   5   CAL   0   9      s[] :    0   0   0   4   0
   4   5   9   INT   0   5      s[] :    0   0   0   4   0   0   0   6   4   0
   9   5  10   LOD   0   3      s[] :    0   0   0   4   0   0   0   6   4   0   4
  10   5  11   LIT   0   1      s[] :    0   0   0   4   0   0   0   6   4   0   4   1
  11   5  12   OPR   0  13      s[] :    0   0   0   4   0   0   0   6   4   0   0
  10   5  13   JPC   0  24      s[] :    0   0   0   4   0   0   0   6   4   0
   9   5  14   LOD   0   3      s[] :    0   0   0   4   0   0   0   6   4   0   4
  10   5  15   LIT   0   1      s[] :    0   0   0   4   0   0   0   6   4   0   4   1
  11   5  16   OPR   0   3      s[] :    0   0   0   4   0   0   0   6   4   0   3
  10   5  17   STO   0   8      s[] :    0   0   0   4   0   0   0   6   4   0
   9   5  18   CAL   0   9      s[] :    0   0   0   4   0   0   0   6   4   0
   9  10   9   INT   0   5      s[] :    0   0   0   4   0   0   0   6   4   0   5   5  19   3   0
  14  10  10   LOD   0   3      s[] :    0   0   0   4   0   0   0   6   4   0   5   5  19   3   0   3
  15  10  11   LIT   0   1      s[] :    0   0   0   4   0   0   0   6   4   0   5   5  19   3   0   3   1
  16  10  12   OPR   0  13      s[] :    0   0   0   4   0   0   0   6   4   0   5   5  19   3   0   0
  15  10  13   JPC   0  24      s[] :    0   0   0   4   0   0   0   6   4   0   5   5  19   3   0
  14  10  14   LOD   0   3      s[] :    0   0   0   4   0   0   0   6   4   0   5   5  19   3   0   3
  15  10  15   LIT   0   1      s[] :    0   0   0   4   0   0   0   6   4   0   5   5  19   3   0   3   1
  16  10  16   OPR   0   3      s[] :    0   0   0   4   0   0   0   6   4   0   5   5  19   3   0   2
  15  10  17   STO   0   8      s[] :    0   0   0   4   0   0   0   6   4   0   5   5  19   3   0
  14  10  18   CAL   0   9      s[] :    0   0   0   4   0   0   0   6   4   0   5   5  19   3   0
  14  15   9   INT   0   5      s[] :    0   0   0   4   0   0   0   6   4   0   5   5  19   3   0  10  10  19   2   0
  19  15  10   LOD   0   3      s[] :    0   0   0   4   0   0   0   6   4   0   5   5  19   3   0  10  10  19   2   0   2
  20  15  11   LIT   0   1      s[] :    0   0   0   4   0   0   0   6   4   0   5   5  19   3   0  10  10  19   2   0   2   1
  21  15  12   OPR   0  13      s[] :    0   0   0   4   0   0   0   6   4   0   5   5  19   3   0  10  10  19   2   0   0
  20  15  13   JPC   0  24      s[] :    0   0   0   4   0   0   0   6   4   0   5   5  19   3   0  10  10  19   2   0
  19  15  14   LOD   0   3      s[] :    0   0   0   4   0   0   0   6   4   0   5   5  19   3   0  10  10  19   2   0   2
  20  15  15   LIT   0   1      s[] :    0   0   0   4   0   0   0   6   4   0   5   5  19   3   0  10  10  19   2   0   2   1
  21  15  16   OPR   0   3      s[] :    0   0   0   4   0   0   0   6   4   0   5   5  19   3   0  10  10  19   2   0   1
  20  15  17   STO   0   8      s[] :    0   0   0   4   0   0   0   6   4   0   5   5  19   3   0  10  10  19   2   0
  19  15  18   CAL   0   9      s[] :    0   0   0   4   0   0   0   6   4   0   5   5  19   3   0  10  10  19   2   0
  19  20   9   INT   0   5      s[] :    0   0   0   4   0   0   0   6   4   0   5   5  19   3   0  10  10  19   2   0  15  15  19   1   0
  24  20  10   LOD   0   3      s[] :    0   0   0   4   0   0   0   6   4   0   5   5  19   3   0  10  10  19   2   0  15  15  19   1   0   1
  25  20  11   LIT   0   1      s[] :    0   0   0   4   0   0   0   6   4   0   5   5  19   3   0  10  10  19   2   0  15  15  19   1   0   1   1
  26  20  12   OPR   0  13      s[] :    0   0   0   4   0   0   0   6   4   0   5   5  19   3   0  10  10  19   2   0  15  15  19   1   0   1
  25  20  13   JPC   0  24      s[] :    0   0   0   4   0   0   0   6   4   0   5   5  19   3   0  10  10  19   2   0  15  15  19   1   0
  24  20  24   LIT   0   1      s[] :    0   0   0   4   0   0   0   6   4   0   5   5  19   3   0  10  10  19   2   0  15  15  19   1   0   1
  25  20  25   STO   0   4      s[] :    0   0   0   4   0   0   0   6   4   0   5   5  19   3   0  10  10  19   2   0  15  15  19   1   1
  24  20  26   OPR   0   0      s[] :    0   0   0   4   0   0   0   6   4   0   5   5  19   3   0  10  10  19   2   0
  19  15  19   LOD   0   9      s[] :    0   0   0   4   0   0   0   6   4   0   5   5  19   3   0  10  10  19   2   0   1
  20  15  20   LOD   0   3      s[] :    0   0   0   4   0   0   0   6   4   0   5   5  19   3   0  10  10  19   2   0   1   2
  21  15  21   OPR   0   4      s[] :    0   0   0   4   0   0   0   6   4   0   5   5  19   3   0  10  10  19   2   0   2
  20  15  22   STO   0   4      s[] :    0   0   0   4   0   0   0   6   4   0   5   5  19   3   0  10  10  19   2   2
  19  15  23   OPR   0   0      s[] :    0   0   0   4   0   0   0   6   4   0   5   5  19   3   0
  14  10  19   LOD   0   9      s[] :    0   0   0   4   0   0   0   6   4   0   5   5  19   3   0   2
  15  10  20   LOD   0   3      s[] :    0   0   0   4   0   0   0   6   4   0   5   5  19   3   0   2   3
  16  10  21   OPR   0   4      s[] :    0   0   0   4   0   0   0   6   4   0   5   5  19   3   0   6
  15  10  22   STO   0   4      s[] :    0   0   0   4   0   0   0   6   4   0   5   5  19   3   6
  14  10  23   OPR   0   0      s[] :    0   0   0   4   0   0   0   6   4   0
   9   5  19   LOD   0   9      s[] :    0   0   0   4   0   0   0   6   4   0   6
  10   5  20   LOD   0   3      s[] :    0   0   0   4   0   0   0   6   4   0   6   4
  11   5  21   OPR   0   4      s[] :    0   0   0   4   0   0   0   6   4   0  24
  10   5  22   STO   0   4      s[] :    0   0   0   4   0   0   0   6   4  24
   9   5  23   OPR   0   0      s[] :    0   0   0   4   0
   4   0   6   LOD   0   9      s[] :    0   0   0   4   0  24
   5   0   7   STO   0   4      s[] :    0   0   0   4  24
   4   0   8   OPR   0   0      s[] : 
 === === ===   === === ===             === === === === === === === === === === === === === === ===
 t   b   p     f   l   a                 0   1   2   3   4   5   6   7   8   9  10  11  12  13  14
 end pl/0