
 start pl/0
 t   b   p     f   l   a                 0   1   2   3   4   5   6   7   8   9  10  11  12  13  14
 === === ===   === === ===             === === === === === === === === === === === === === === ===
  -1   0   0   INT   0   5      s[] :    0   0   0   0   0
   4   0   1   LIT   0   5      s[] :    0   0   0   0   0   5
   5   0   2   STO   0   3      s[] :    0   0   0   5   0
   4   0   3   LOD   0   3      s[] :    0   0   0   5   0   5
   5   0   4   STO   0   8      s[] :    0   0   0   5   0
   4   0   5   CAL   0   9      s[] :    0   0   0   5   0
   4   5   9   INT   0   7      s[] :    0   0   0   5   0   0   0   6   5   0   0   0
  11   5  10   LOD   0   3      s[] :    0   0   0   5   0   0   0   6   5   0   0   0   5
  12   5  11   LIT   0   0      s[] :    0   0   0   5   0   0   0   6   5   0   0   0   5   0
  13   5  12   OPR   0   8      s[] :    0   0   0   5   0   0   0   6   5   0   0   0   0
  12   5  13   JPC   0  41      s[] :    0   0   0   5   0   0   0   6   5   0   0   0
  11   5  14   LOD   0   3      s[] :    0   0   0   5   0   0   0   6   5   0   0   0   5
  12   5  15   LIT   0   1      s[] :    0   0   0   5   0   0   0   6   5   0   0   0   5   1
  13   5  16   OPR   0   8      s[] :    0   0   0   5   0   0   0   6   5   0   0   0   0
  12   5  17   JPC   0  44      s[] :    0   0   0   5   0   0   0   6   5   0   0   0
  11   5  18   LOD   0   3      s[] :    0   0   0   5   0   0   0   6   5   0   0   0   5
  12   5  19   LOD   0   3      s[] :    0   0   0   5   0   0   0   6   5   0   0   0   5   5
  13   5  20   LIT   0   1      s[] :    0   0   0   5   0   0   0   6   5   0   0   0   5   5   1
  14   5  21   OPR   0   3      s[] :    0   0   0   5   0   0   0   6   5   0   0   0   5   4
  13   5  22   STO   0   4      s[] :    0   0   0   5   0   0   0   6   5   4   0   0   5
  12   5  23   LIT   0   2      s[] :    0   0   0   5   0   0   0   6   5   4   0   0   5   2
  13   5  24   OPR   0   3      s[] :    0   0   0   5   0   0   0   6   5   4   0   0   3
  12   5  25   STO   0   5      s[] :    0   0   0   5   0   0   0   6   5   4   3   0
  11   5  26   LOD   0   4      s[] :    0   0   0   5   0   0   0   6   5   4   3   0   4
  12   5  27   STO   0  10      s[] :    0   0   0   5   0   0   0   6   5   4   3   0
  11   5  28   CAL   0   9      s[] :    0   0   0   5   0   0   0   6   5   4   3   0
  11  12   9   INT   0   7      s[] :    0   0   0   5   0   0   0   6   5   4   3   0   5   5  29   4   0   0   0
  18  12  10   LOD   0   3      s[] :    0   0   0   5   0   0   0   6   5   4   3   0   5   5  29   4   0   0   0   4
  19  12  11   LIT   0   0      s[] :    0   0   0   5   0   0   0   6   5   4   3   0   5   5  29   4   0   0   0   4   0
  20  12  12   OPR   0   8      s[] :    0   0   0   5   0   0   0   6   5   4   3   0   5   5  29   4   0   0   0   0
  19  12  13   JPC   0  41      s[] :    0   0   0   5   0   0   0   6   5   4   3   0   5   5  29   4   0   0   0
  18  12  14   LOD   0   3      s[] :    0   0   0   5   0   0   0   6   5   4   3   0   5   5  29   4   0   0   0   4
  19  12  15   LIT   0   1      s[] :    0   0   0   5   0   0   0   6   5   4   3   0   5   5  29   4   0   0   0   4   1
  20  12  16   OPR   0   8      s[] :    0   0   0   5   0   0   0   6   5   4   3   0   5   5  29   4   0   0   0   0
  19  12  17   JPC   0  44      s[] :    0   0   0   5   0   0   0   6   5   4   3   0   5   5  29   4   0   0   0
  18  12  18   LOD   0   3      s[] :    0   0   0   5   0   0   0   6   5   4   3   0   5   5  29   4   0   0   0   4
  19  12  19   LOD   0   3      s[] :    0   0   0   5   0   0   0   6   5   4   3   0   5   5  29   4   0   0   0   4   4
  20  12  20   LIT   0   1      s[] :    0   0   0   5   0   0   0   6   5   4   3   0   5   5  29   4   0   0   0   4   4   1
  21  12  21   OPR   0   3      s[] :    0   0   0   5   0   0   0   6   5   4   3   0   5   5  29   4   0   0   0   4   3
  20  12  22   STO   0   4      s[] :    0   0   0   5   0   0   0   6   5   4   3   0   5   5  29   4   3   0   0   4
  19  12  23   LIT   0   2      s[] :    0   0   0   5   0   0   0   6   5   4   3   0   5   5  29   4   3   0   0   4   2
  20  12  24   OPR   0   3      s[] :    0   0   0   5   0   0   0   6   5   4   3   0   5   5  29   4   3   0   0   2
  19  12  25   STO   0   5      s[] :    0   0   0   5   0   0   0   6   5   4   3   0   5   5  29   4   3   2   0
  18  12  26   LOD   0   4      s[] :    0   0   0   5   0   0   0   6   5   4   3   0   5   5  29   4   3   2   0   3
  19  12  27   STO   0  10      s[] :    0   0   0   5   0   0   0   6   5   4   3   0   5   5  29   4   3   2   0
  18  12  28   CAL   0   9      s[] :    0   0   0   5   0   0   0   6   5   4   3   0   5   5  29   4   3   2   0
  18  19   9   INT   0   7      s[] :    0   0   0   5   0   0   0   6   5   4   3   0   5   5  29   4   3   2   0  12  12  29   3   0   0   0
  25  19  10   LOD   0   3      s[] :    0   0   0   5   0   0   0   6   5   4   3   0   5   5  29   4   3   2   0  12  12  29   3   0   0   0   3
  26  19  11   LIT   0   0      s[] :    0   0   0   5   0   0   0   6   5   4   3   0   5   5  29   4   3   2   0  12  12  29   3   0   0   0   3   0
  27  19  12   OPR   0   8      s[] :    0   0   0   5   0   0   0   6   5   4   3   0   5   5  29   4   3   2   0  12  12  29   3   0   0   0   0
  26  19  13   JPC   0  41      s[] :    0   0   0   5   0   0   0   6   5   4   3   0   5   5  29   4   3   2   0  12  12  29   3   0   0   0
  25  19  14   LOD   0   3      s[] :    0   0   0   5   0   0   0   6   5   4   3   0   5   5  29   4   3   2   0  12  12  29   3   0   0   0   3
  26  19  15   LIT   0   1      s[] :    0   0   0   5   0   0   0   6   5   4   3   0   5   5  29   4   3   2   0  12  12  29   3   0   0   0   3   1
  27  19  16   OPR   0   8      s[] :    0   0   0   5   0   0   0   6   5   4   3   0   5   5  29   4   3   2   0  12  12  29   3   0   0   0   0
  26  19  17   JPC   0  44      s[] :    0   0   0   5   0   0   0   6   5   4   3   0   5   5  29   4   3   2   0  12  12  29   3   0   0   0
  25  19  18   LOD   0   3      s[] :    0   0   0   5   0   0   0   6   5   4   3   0   5   5  29   4   3   2   0  12  12  29   3   0   0   0   3
  26  19  19   LOD   0   3      s[] :    0   0   0   5   0   0   0   6   5   4   3   0   5   5  29   4   3   2   0  12  12  29   3   0   0   0   3   3
  27  19  20   LIT   0   1      s[] :    0   0   0   5   0   0   0   6   5   4   3   0   5   5  29   4   3   2   0  12  12  29   3   0   0   0   3   3   1
  28  19  21   OPR   0   3      s[] :    0   0   0   5   0   0   0   6   5   4   3   0   5   5  29   4   3   2   0  12  12  29   3   0   0   0   3   2
  27  19  22   STO   0   4      s[] :    0   0   0   5   0   0   0   6   5   4   3   0   5   5  29   4   3   2   0  12  12  29   3   2   0   0   3
  26  19  23   LIT   0   2      s[] :    0   0   0   5   0   0   0   6   5   4   3   0   5   5  29   4   3   2   0  12  12  29   3   2   0   0   3   2
  27  19  24   OPR   0   3      s[] :    0   0   0   5   0   0   0   6   5   4   3   0   5   5  29   4   3   2   0  12  12  29   3   2   0   0   1
  26  19  25   STO   0   5      s[] :    0   0   0   5   0   0   0   6   5   4   3   0   5   5  29   4   3   2   0  12  12  29   3   2   1   0
  25  19  26   LOD   0   4      s[] :    0   0   0   5   0   0   0   6   5   4   3   0   5   5  29   4   3   2   0  12  12  29   3   2   1   0   2
  26  19  27   STO   0  10      s[] :    0   0   0   5   0   0   0   6   5   4   3   0   5   5  29   4   3   2   0  12  12  29   3   2   1   0
  25  19  28   CAL   0   9      s[] :    0   0   0   5   0   0   0   6   5   4   3   0   5   5  29   4   3   2   0  12  12  29   3   2   1   0
  25  26   9   INT   0   7      s[] :    0   0   0   5   0   0   0   6   5   4   3   0   5   5  29   4   3   2   0  12  12  29   3   2   1   0  19  19  29   2   0   0   0
  32  26  10   LOD   0   3      s[] :    0   0   0   5   0   0   0   6   5   4   3   0   5   5  29   4   3   2   0  12  12  29   3   2   1   0  19  19  29   2   0   0   0   2
  33  26  11   LIT   0   0      s[] :    0   0   0   5   0   0   0   6   5   4   3   0   5   5  29   4   3   2   0  12  12  29   3   2   1   0  19  19  29   2   0   0   0   2   0
  34  26  12   OPR   0   8      s[] :    0   0   0   5   0   0   0   6   5   4   3   0   5   5  29   4   3   2   0  12  12  29   3   2   1   0  19  19  29   2   0   0   0   0
  33  26  13   JPC   0  41      s[] :    0   0   0   5   0   0   0   6   5   4   3   0   5   5  29   4   3   2   0  12  12  29   3   2   1   0  19  19  29   2   0   0   0
  32  26  14   LOD   0   3      s[] :    0   0   0   5   0   0   0   6   5   4   3   0   5   5  29   4   3   2   0  12  12  29   3   2   1   0  19  19  29   2   0   0   0   2
  33  26  15   LIT   0   1      s[] :    0   0   0   5   0   0   0   6   5   4   3   0   5   5  29   4   3   2   0  12  12  29   3   2   1   0  19  19  29   2   0   0   0   2   1
  34  26  16   OPR   0   8      s[] :    0   0   0   5   0   0   0   6   5   4   3   0   5   5  29   4   3   2   0  12  12  29   3   2   1   0  19  19  29   2   0   0   0   0
  33  26  17   JPC   0  44      s[] :    0   0   0   5   0   0   0   6   5   4   3   0   5   5  29   4   3   2   0  12  12  29   3   2   1   0  19  19  29   2   0   0   0
  32  26  18   LOD   0   3      s[] :    0   0   0   5   0   0   0   6   5   4   3   0   5   5  29   4   3   2   0  12  12  29   3   2   1   0  19  19  29   2   0   0   0   2
  33  26  19   LOD   0   3      s[] :    0   0   0   5   0   0   0   6   5   4   3   0   5   5  29   4   3   2   0  12  12  29   3   2   1   0  19  19  29   2   0   0   0   2   2
  34  26  20   LIT   0   1      s[] :    0   0   0   5   0   0   0   6   5   4   3   0   5   5  29   4   3   2   0  12  12  29   3   2   1   0  19  19  29   2   0   0   0   2   2   1
  35  26  21   OPR   0   3      s[] :    0   0   0   5   0   0   0   6   5   4   3   0   5   5  29   4   3   2   0  12  12  29   3   2   1   0  19  19  29   2   0   0   0   2   1
  34  26  22   STO   0   4      s[] :    0   0   0   5   0   0   0   6   5   4   3   0   5   5  29   4   3   2   0  12  12  29   3   2   1   0  19  19  29   2   1   0   0   2
  33  26  23   LIT   0   2      s[] :    0   0   0   5   0   0   0   6   5   4   3   0   5   5  29   4   3   2   0  12  12  29   3   2   1   0  19  19  29   2   1   0   0   2   2
  34  26  24   OPR   0   3      s[] :    0   0   0   5   0   0   0   6   5   4   3   0   5   5  29   4   3   2   0  12  12  29   3   2   1   0  19  19  29   2   1   0   0   0
  33  26  25   STO   0   5      s[] :    0   0   0   5   0   0   0   6   5   4   3   0   5   5  29   4   3   2   0  12  12  29   3   2   1   0  19  19  29   2   1   0   0
  32  26  26   LOD   0   4      s[] :    0   0   0   5   0   0   0   6   5   4   3   0   5   5  29   4   3   2   0  12  12  29   3   2   1   0  19  19  29   2   1   0   0   1
  33  26  27   STO   0  10      s[] :    0   0   0   5   0   0   0   6   5   4   3   0   5   5  29   4   3   2   0  12  12  29   3   2   1   0  19  19  29   2   1   0   0
  32  26  28   CAL   0   9      s[] :    0   0   0   5   0   0   0   6   5   4   3   0   5   5  29   4   3   2   0  12  12  29   3   2   1   0  19  19  29   2   1   0   0
  32  33   9   INT   0   7      s[] :    0   0   0   5   0   0   0   6   5   4   3   0   5   5  29   4   3   2   0  12  12  29   3   2   1   0  19  19  29   2   1   0   0  26  26  29   1   0   0   0
  39  33  10   LOD   0   3      s[] :    0   0   0   5   0   0   0   6   5   4   3   0   5   5  29   4   3   2   0  12  12  29   3   2   1   0  19  19  29   2   1   0   0  26  26  29   1   0   0   0   1
  40  33  11   LIT   0   0      s[] :    0   0   0   5   0   0   0   6   5   4   3   0   5   5  29   4   3   2   0  12  12  29   3   2   1   0  19  19  29   2   1   0   0  26  26  29   1   0   0   0   1   0
  41  33  12   OPR   0   8      s[] :    0   0   0   5   0   0   0   6   5   4   3   0   5   5  29   4   3   2   0  12  12  29   3   2   1   0  19  19  29   2   1   0   0  26  26  29   1   0   0   0   0
  40  33  13   JPC   0  41      s[] :    0   0   0   5   0   0   0   6   5   4   3   0   5   5  29   4   3   2   0  12  12  29   3   2   1   0  19  19  29   2   1   0   0  26  26  29   1   0   0   0
  39  33  14   LOD   0   3      s[] :    0   0   0   5   0   0   0   6   5   4   3   0   5   5  29   4   3   2   0  12  12  29   3   2   1   0  19  19  29   2   1   0   0  26  26  29   1   0   0   0   1
  40  33  15   LIT   0   1      s[] :    0   0   0   5   0   0   0   6   5   4   3   0   5   5  29   4   3   2   0  12  12  29   3   2   1   0  19  19  29   2   1   0   0  26  26  29   1   0   0   0   1   1
  41  33  16   OPR   0   8      s[] :    0   0   0   5   0   0   0   6   5   4   3   0   5   5  29   4   3   2   0  12  12  29   3   2   1   0  19  19  29   2   1   0   0  26  26  29   1   0   0   0   1
  40  33  17   JPC   0  44      s[] :    0   0   0   5   0   0   0   6   5   4   3   0   5   5  29   4   3   2   0  12  12  29   3   2   1   0  19  19  29   2   1   0   0  26  26  29   1   0   0   0
  39  33  44   LIT   0   1      s[] :    0   0   0   5   0   0   0   6   5   4   3   0   5   5  29   4   3   2   0  12  12  29   3   2   1   0  19  19  29   2   1   0   0  26  26  29   1   0   0   0   1
  40  33  45   STO   0   6      s[] :    0   0   0   5   0   0   0   6   5   4   3   0   5   5  29   4   3   2   0  12  12  29   3   2   1   0  19  19  29   2   1   0   0  26  26  29   1   0   0   1
  39  33  46   OPR   0   0      s[] :    0   0   0   5   0   0   0   6   5   4   3   0   5   5  29   4   3   2   0  12  12  29   3   2   1   0  19  19  29   2   1   0   0
  32  26  29   LOD   0  13      s[] :    0   0   0   5   0   0   0   6   5   4   3   0   5   5  29   4   3   2   0  12  12  29   3   2   1   0  19  19  29   2   1   0   0   1
  33  26  30   STO   0   4      s[] :    0   0   0   5   0   0   0   6   5   4   3   0   5   5  29   4   3   2   0  12  12  29   3   2   1   0  19  19  29   2   1   0   0
  32  26  31   LOD   0   5      s[] :    0   0   0   5   0   0   0   6   5   4   3   0   5   5  29   4   3   2   0  12  12  29   3   2   1   0  19  19  29   2   1   0   0   0
  33  26  32   STO   0  10      s[] :    0   0   0   5   0   0   0   6   5   4   3   0   5   5  29   4   3   2   0  12  12  29   3   2   1   0  19  19  29   2   1   0   0
  32  26  33   CAL   0   9      s[] :    0   0   0   5   0   0   0   6   5   4   3   0   5   5  29   4   3   2   0  12  12  29   3   2   1   0  19  19  29   2   1   0   0
  32  33   9   INT   0   7      s[] :    0   0   0   5   0   0   0   6   5   4   3   0   5   5  29   4   3   2   0  12  12  29   3   2   1   0  19  19  29   2   1   0   0  26  26  34   0   0   0   1
  39  33  10   LOD   0   3      s[] :    0   0   0   5   0   0   0   6   5   4   3   0   5   5  29   4   3   2   0  12  12  29   3   2   1   0  19  19  29   2   1   0   0  26  26  34   0   0   0   1   0
  40  33  11   LIT   0   0      s[] :    0   0   0   5   0   0   0   6   5   4   3   0   5   5  29   4   3   2   0  12  12  29   3   2   1   0  19  19  29   2   1   0   0  26  26  34   0   0   0   1   0   0
  41  33  12   OPR   0   8      s[] :    0   0   0   5   0   0   0   6   5   4   3   0   5   5  29   4   3   2   0  12  12  29   3   2   1   0  19  19  29   2   1   0   0  26  26  34   0   0   0   1   1
  40  33  13   JPC   0  41      s[] :    0   0   0   5   0   0   0   6   5   4   3   0   5   5  29   4   3   2   0  12  12  29   3   2   1   0  19  19  29   2   1   0   0  26  26  34   0   0   0   1
  39  33  41   LIT   0   0      s[] :    0   0   0   5   0   0   0   6   5   4   3   0   5   5  29   4   3   2   0  12  12  29   3   2   1   0  19  19  29   2   1   0   0  26  26  34   0   0   0   1   0
  40  33  42   STO   0   6      s[] :    0   0   0   5   0   0   0   6   5   4   3   0   5   5  29   4   3   2   0  12  12  29   3   2   1   0  19  19  29   2   1   0   0  26  26  34   0   0   0   0
  39  33  43   OPR   0   0      s[] :    0   0   0   5   0   0   0   6   5   4   3   0   5   5  29   4   3   2   0  12  12  29   3   2   1   0  19  19  29   2   1   0   0
  32  26  34   LOD   0  13      s[] :    0   0   0   5   0   0   0   6   5   4   3   0   5   5  29   4   3   2   0  12  12  29   3   2   1   0  19  19  29   2   1   0   0   0
  33  26  35   STO   0   5      s[] :    0   0   0   5   0   0   0   6   5   4   3   0   5   5  29   4   3   2   0  12  12  29   3   2   1   0  19  19  29   2   1   0   0
  32  26  36   LOD   0   4      s[] :    0   0   0   5   0   0   0   6   5   4   3   0   5   5  29   4   3   2   0  12  12  29   3   2   1   0  19  19  29   2   1   0   0   1
  33  26  37   LOD   0   5      s[] :    0   0   0   5   0   0   0   6   5   4   3   0   5   5  29   4   3   2   0  12  12  29   3   2   1   0  19  19  29   2   1   0   0   1   0
  34  26  38   OPR   0   2      s[] :    0   0   0   5   0   0   0   6   5   4   3   0   5   5  29   4   3   2   0  12  12  29   3   2   1   0  19  19  29   2   1   0   0   1
  33  26  39   STO   0   6      s[] :    0   0   0   5   0   0   0   6   5   4   3   0   5   5  29   4   3   2   0  12  12  29   3   2   1   0  19  19  29   2   1   0   1
  32  26  40   OPR   0   0      s[] :    0   0   0   5   0   0   0   6   5   4   3   0   5   5  29   4   3   2   0  12  12  29   3   2   1   0
  25  19  29   LOD   0  13      s[] :    0   0   0   5   0   0   0   6   5   4   3   0   5   5  29   4   3   2   0  12  12  29   3   2   1   0   1
  26  19  30   STO   0   4      s[] :    0   0   0   5   0   0   0   6   5   4   3   0   5   5  29   4   3   2   0  12  12  29   3   1   1   0
  25  19  31   LOD   0   5      s[] :    0   0   0   5   0   0   0   6   5   4   3   0   5   5  29   4   3   2   0  12  12  29   3   1   1   0   1
  26  19  32   STO   0  10      s[] :    0   0   0   5   0   0   0   6   5   4   3   0   5   5  29   4   3   2   0  12  12  29   3   1   1   0
  25  19  33   CAL   0   9      s[] :    0   0   0   5   0   0   0   6   5   4   3   0   5   5  29   4   3   2   0  12  12  29   3   1   1   0
  25  26   9   INT   0   7      s[] :    0   0   0   5   0   0   0   6   5   4   3   0   5   5  29   4   3   2   0  12  12  29   3   1   1   0  19  19  34   1   1   0   1
  32  26  10   LOD   0   3      s[] :    0   0   0   5   0   0   0   6   5   4   3   0   5   5  29   4   3   2   0  12  12  29   3   1   1   0  19  19  34   1   1   0   1   1
  33  26  11   LIT   0   0      s[] :    0   0   0   5   0   0   0   6   5   4   3   0   5   5  29   4   3   2   0  12  12  29   3   1   1   0  19  19  34   1   1   0   1   1   0
  34  26  12   OPR   0   8      s[] :    0   0   0   5   0   0   0   6   5   4   3   0   5   5  29   4   3   2   0  12  12  29   3   1   1   0  19  19  34   1   1   0   1   0
  33  26  13   JPC   0  41      s[] :    0   0   0   5   0   0   0   6   5   4   3   0   5   5  29   4   3   2   0  12  12  29   3   1   1   0  19  19  34   1   1   0   1
  32  26  14   LOD   0   3      s[] :    0   0   0   5   0   0   0   6   5   4   3   0   5   5  29   4   3   2   0  12  12  29   3   1   1   0  19  19  34   1   1   0   1   1
  33  26  15   LIT   0   1      s[] :    0   0   0   5   0   0   0   6   5   4   3   0   5   5  29   4   3   2   0  12  12  29   3   1   1   0  19  19  34   1   1   0   1   1   1
  34  26  16   OPR   0   8      s[] :    0   0   0   5   0   0   0   6   5   4   3   0   5   5  29   4   3   2   0  12  12  29   3   1   1   0  19  19  34   1   1   0   1   1
  33  26  17   JPC   0  44      s[] :    0   0   0   5   0   0   0   6   5   4   3   0   5   5  29   4   3   2   0  12  12  29   3   1   1   0  19  19  34   1   1   0   1
  32  26  44   LIT   0   1      s[] :    0   0   0   5   0   0   0   6   5   4   3   0   5   5  29   4   3   2   0  12  12  29   3   1   1   0  19  19  34   1   1   0   1   1
  33  26  45   STO   0   6      s[] :    0   0   0   5   0   0   0   6   5   4   3   0   5   5  29   4   3   2   0  12  12  29   3   1   1   0  19  19  34   1   1   0   1
  32  26  46   OPR   0   0      s[] :    0   0   0   5   0   0   0   6   5   4   3   0   5   5  29   4   3   2   0  12  12  29   3   1   1   0
  25  19  34   LOD   0  13      s[] :    0   0   0   5   0   0   0   6   5   4   3   0   5   5  29   4   3   2   0  12  12  29   3   1   1   0   1
  26  19  35   STO   0   5      s[] :    0   0   0   5   0   0   0   6   5   4   3   0   5   5  29   4   3   2   0  12  12  29   3   1   1   0
  25  19  36   LOD   0   4      s[] :    0   0   0   5   0   0   0   6   5   4   3   0   5   5  29   4   3   2   0  12  12  29   3   1   1   0   1
  26  19  37   LOD   0   5      s[] :    0   0   0   5   0   0   0   6   5   4   3   0   5   5  29   4   3   2   0  12  12  29   3   1   1   0   1   1
  27  19  38   OPR   0   2      s[] :    0   0   0   5   0   0   0   6   5   4   3   0   5   5  29   4   3   2   0  12  12  29   3   1   1   0   2
  26  19  39   STO   0   6      s[] :    0   0   0   5   0   0   0   6   5   4   3   0   5   5  29   4   3   2   0  12  12  29   3   1   1   2
  25  19  40   OPR   0   0      s[] :    0   0   0   5   0   0   0   6   5   4   3   0   5   5  29   4   3   2   0
  18  12  29   LOD   0  13      s[] :    0   0   0   5   0   0   0   6   5   4   3   0   5   5  29   4   3   2   0   2
  19  12  30   STO   0   4      s[] :    0   0   0   5   0   0   0   6   5   4   3   0   5   5  29   4   2   2   0
  18  12  31   LOD   0   5      s[] :    0   0   0   5   0   0   0   6   5   4   3   0   5   5  29   4   2   2   0   2
  19  12  32   STO   0  10      s[] :    0   0   0   5   0   0   0   6   5   4   3   0   5   5  29   4   2   2   0
  18  12  33   CAL   0   9      s[] :    0   0   0   5   0   0   0   6   5   4   3   0   5   5  29   4   2   2   0
  18  19   9   INT   0   7      s[] :    0   0   0   5   0   0   0   6   5   4   3   0   5   5  29   4   2   2   0  12  12  34   2   1   1   2
  25  19  10   LOD   0   3      s[] :    0   0   0   5   0   0   0   6   5   4   3   0   5   5  29   4   2   2   0  12  12  34   2   1   1   2   2
  26  19  11   LIT   0   0      s[] :    0   0   0   5   0   0   0   6   5   4   3   0   5   5  29   4   2   2   0  12  12  34   2   1   1   2   2   0
  27  19  12   OPR   0   8      s[] :    0   0   0   5   0   0   0   6   5   4   3   0   5   5  29   4   2   2   0  12  12  34   2   1   1   2   0
  26  19  13   JPC   0  41      s[] :    0   0   0   5   0   0   0   6   5   4   3   0   5   5  29   4   2   2   0  12  12  34   2   1   1   2
  25  19  14   LOD   0   3      s[] :    0   0   0   5   0   0   0   6   5   4   3   0   5   5  29   4   2   2   0  12  12  34   2   1   1   2   2
  26  19  15   LIT   0   1      s[] :    0   0   0   5   0   0   0   6   5   4   3   0   5   5  29   4   2   2   0  12  12  34   2   1   1   2   2   1
  27  19  16   OPR   0   8      s[] :    0   0   0   5   0   0   0   6   5   4   3   0   5   5  29   4   2   2   0  12  12  34   2   1   1   2   0
  26  19  17   JPC   0  44      s[] :    0   0   0   5   0   0   0   6   5   4   3   0   5   5  29   4   2   2   0  12  12  34   2   1   1   2
  25  19  18   LOD   0   3      s[] :    0   0   0   5   0   0   0   6   5   4   3   0   5   5  29   4   2   2   0  12  12  34   2   1   1   2   2
  26  19  19   LOD   0   3      s[] :    0   0   0   5   0   0   0   6   5   4   3   0   5   5  29   4   2   2   0  12  12  34   2   1   1   2   2   2
  27  19  20   LIT   0   1      s[] :    0   0   0   5   0   0   0   6   5   4   3   0   5   5  29   4   2   2   0  12  12  34   2   1   1   2   2   2   1
  28  19  21   OPR   0   3      s[] :    0   0   0   5   0   0   0   6   5   4   3   0   5   5  29   4   2   2   0  12  12  34   2   1   1   2   2   1
  27  19  22   STO   0   4      s[] :    0   0   0   5   0   0   0   6   5   4   3   0   5   5  29   4   2   2   0  12  12  34   2   1   1   2   2
  26  19  23   LIT   0   2      s[] :    0   0   0   5   0   0   0   6   5   4   3   0   5   5  29   4   2   2   0  12  12  34   2   1   1   2   2   2
  27  19  24   OPR   0   3      s[] :    0   0   0   5   0   0   0   6   5   4   3   0   5   5  29   4   2   2   0  12  12  34   2   1   1   2   0
  26  19  25   STO   0   5      s[] :    0   0   0   5   0   0   0   6   5   4   3   0   5   5  29   4   2   2   0  12  12  34   2   1   0   2
  25  19  26   LOD   0   4      s[] :    0   0   0   5   0   0   0   6   5   4   3   0   5   5  29   4   2   2   0  12  12  34   2   1   0   2   1
  26  19  27   STO   0  10      s[] :    0   0   0   5   0   0   0   6   5   4   3   0   5   5  29   4   2   2   0  12  12  34   2   1   0   2
  25  19  28   CAL   0   9      s[] :    0   0   0   5   0   0   0   6   5   4   3   0   5   5  29   4   2   2   0  12  12  34   2   1   0   2
  25  26   9   INT   0   7      s[] :    0   0   0   5   0   0   0   6   5   4   3   0   5   5  29   4   2   2   0  12  12  34   2   1   0   2  19  19  29   1   1   0   1
  32  26  10   LOD   0   3      s[] :    0   0   0   5   0   0   0   6   5   4   3   0   5   5  29   4   2   2   0  12  12  34   2   1   0   2  19  19  29   1   1   0   1   1
  33  26  11   LIT   0   0      s[] :    0   0   0   5   0   0   0   6   5   4   3   0   5   5  29   4   2   2   0  12  12  34   2   1   0   2  19  19  29   1   1   0   1   1   0
  34  26  12   OPR   0   8      s[] :    0   0   0   5   0   0   0   6   5   4   3   0   5   5  29   4   2   2   0  12  12  34   2   1   0   2  19  19  29   1   1   0   1   0
  33  26  13   JPC   0  41      s[] :    0   0   0   5   0   0   0   6   5   4   3   0   5   5  29   4   2   2   0  12  12  34   2   1   0   2  19  19  29   1   1   0   1
  32  26  14   LOD   0   3      s[] :    0   0   0   5   0   0   0   6   5   4   3   0   5   5  29   4   2   2   0  12  12  34   2   1   0   2  19  19  29   1   1   0   1   1
  33  26  15   LIT   0   1      s[] :    0   0   0   5   0   0   0   6   5   4   3   0   5   5  29   4   2   2   0  12  12  34   2   1   0   2  19  19  29   1   1   0   1   1   1
  34  26  16   OPR   0   8      s[] :    0   0   0   5   0   0   0   6   5   4   3   0   5   5  29   4   2   2   0  12  12  34   2   1   0   2  19  19  29   1   1   0   1   1
  33  26  17   JPC   0  44      s[] :    0   0   0   5   0   0   0   6   5   4   3   0   5   5  29   4   2   2   0  12  12  34   2   1   0   2  19  19  29   1   1   0   1
  32  26  44   LIT   0   1      s[] :    0   0   0   5   0   0   0   6   5   4   3   0   5   5  29   4   2   2   0  12  12  34   2   1   0   2  19  19  29   1   1   0   1   1
  33  26  45   STO   0   6      s[] :    0   0   0   5   0   0   0   6   5   4   3   0   5   5  29   4   2   2   0  12  12  34   2   1   0   2  19  19  29   1   1   0   1
  32  26  46   OPR   0   0      s[] :    0   0   0   5   0   0   0   6   5   4   3   0   5   5  29   4   2   2   0  12  12  34   2   1   0   2
  25  19  29   LOD   0  13      s[] :    0   0   0   5   0   0   0   6   5   4   3   0   5   5  29   4   2   2   0  12  12  34   2   1   0   2   1
  26  19  30   STO   0   4      s[] :    0   0   0   5   0   0   0   6   5   4   3   0   5   5  29   4   2   2   0  12  12  34   2   1   0   2
  25  19  31   LOD   0   5      s[] :    0   0   0   5   0   0   0   6   5   4   3   0   5   5  29   4   2   2   0  12  12  34   2   1   0   2   0
  26  19  32   STO   0  10      s[] :    0   0   0   5   0   0   0   6   5   4   3   0   5   5  29   4   2   2   0  12  12  34   2   1   0   2
  25  19  33   CAL   0   9      s[] :    0   0   0   5   0   0   0   6   5   4   3   0   5   5  29   4   2   2   0  12  12  34   2   1   0   2
  25  26   9   INT   0   7      s[] :    0   0   0   5   0   0   0   6   5   4   3   0   5   5  29   4   2   2   0  12  12  34   2   1   0   2  19  19  34   0   1   0   1
  32  26  10   LOD   0   3      s[] :    0   0   0   5   0   0   0   6   5   4   3   0   5   5  29   4   2   2   0  12  12  34   2   1   0   2  19  19  34   0   1   0   1   0
  33  26  11   LIT   0   0      s[] :    0   0   0   5   0   0   0   6   5   4   3   0   5   5  29   4   2   2   0  12  12  34   2   1   0   2  19  19  34   0   1   0   1   0   0
  34  26  12   OPR   0   8      s[] :    0   0   0   5   0   0   0   6   5   4   3   0   5   5  29   4   2   2   0  12  12  34   2   1   0   2  19  19  34   0   1   0   1   1
  33  26  13   JPC   0  41      s[] :    0   0   0   5   0   0   0   6   5   4   3   0   5   5  29   4   2   2   0  12  12  34   2   1   0   2  19  19  34   0   1   0   1
  32  26  41   LIT   0   0      s[] :    0   0   0   5   0   0   0   6   5   4   3   0   5   5  29   4   2   2   0  12  12  34   2   1   0   2  19  19  34   0   1   0   1   0
  33  26  42   STO   0   6      s[] :    0   0   0   5   0   0   0   6   5   4   3   0   5   5  29   4   2   2   0  12  12  34   2   1   0   2  19  19  34   0   1   0   0
  32  26  43   OPR   0   0      s[] :    0   0   0   5   0   0   0   6   5   4   3   0   5   5  29   4   2   2   0  12  12  34   2   1   0   2
  25  19  34   LOD   0  13      s[] :    0   0   0   5   0   0   0   6   5   4   3   0   5   5  29   4   2   2   0  12  12  34   2   1   0   2   0
  26  19  35   STO   0   5      s[] :    0   0   0   5   0   0   0   6   5   4   3   0   5   5  29   4   2   2   0  12  12  34   2   1   0   2
  25  19  36   LOD   0   4      s[] :    0   0   0   5   0   0   0   6   5   4   3   0   5   5  29   4   2   2   0  12  12  34   2   1   0   2   1
  26  19  37   LOD   0   5      s[] :    0   0   0   5   0   0   0   6   5   4   3   0   5   5  29   4   2   2   0  12  12  34   2   1   0   2   1   0
  27  19  38   OPR   0   2      s[] :    0   0   0   5   0   0   0   6   5   4   3   0   5   5  29   4   2   2   0  12  12  34   2   1   0   2   1
  26  19  39   STO   0   6      s[] :    0   0   0   5   0   0   0   6   5   4   3   0   5   5  29   4   2   2   0  12  12  34   2   1   0   1
  25  19  40   OPR   0   0      s[] :    0   0   0   5   0   0   0   6   5   4   3   0   5   5  29   4   2   2   0
  18  12  34   LOD   0  13      s[] :    0   0   0   5   0   0   0   6   5   4   3   0   5   5  29   4   2   2   0   1
  19  12  35   STO   0   5      s[] :    0   0   0   5   0   0   0   6   5   4   3   0   5   5  29   4   2   1   0
  18  12  36   LOD   0   4      s[] :    0   0   0   5   0   0   0   6   5   4   3   0   5   5  29   4   2   1   0   2
  19  12  37   LOD   0   5      s[] :    0   0   0   5   0   0   0   6   5   4   3   0   5   5  29   4   2   1   0   2   1
  20  12  38   OPR   0   2      s[] :    0   0   0   5   0   0   0   6   5   4   3   0   5   5  29   4   2   1   0   3
  19  12  39   STO   0   6      s[] :    0   0   0   5   0   0   0   6   5   4   3   0   5   5  29   4   2   1   3
  18  12  40   OPR   0   0      s[] :    0   0   0   5   0   0   0   6   5   4   3   0
  11   5  29   LOD   0  13      s[] :    0   0   0   5   0   0   0   6   5   4   3   0   3
  12   5  30   STO   0   4      s[] :    0   0   0   5   0   0   0   6   5   3   3   0
  11   5  31   LOD   0   5      s[] :    0   0   0   5   0   0   0   6   5   3   3   0   3
  12   5  32   STO   0  10      s[] :    0   0   0   5   0   0   0   6   5   3   3   0
  11   5  33   CAL   0   9      s[] :    0   0   0   5   0   0   0   6   5   3   3   0
  11  12   9   INT   0   7      s[] :    0   0   0   5   0   0   0   6   5   3   3   0   5   5  34   3   2   1   3
  18  12  10   LOD   0   3      s[] :    0   0   0   5   0   0   0   6   5   3   3   0   5   5  34   3   2   1   3   3
  19  12  11   LIT   0   0      s[] :    0   0   0   5   0   0   0   6   5   3   3   0   5   5  34   3   2   1   3   3   0
  20  12  12   OPR   0   8      s[] :    0   0   0   5   0   0   0   6   5   3   3   0   5   5  34   3   2   1   3   0
  19  12  13   JPC   0  41      s[] :    0   0   0   5   0   0   0   6   5   3   3   0   5   5  34   3   2   1   3
  18  12  14   LOD   0   3      s[] :    0   0   0   5   0   0   0   6   5   3   3   0   5   5  34   3   2   1   3   3
  19  12  15   LIT   0   1      s[] :    0   0   0   5   0   0   0   6   5   3   3   0   5   5  34   3   2   1   3   3   1
  20  12  16   OPR   0   8      s[] :    0   0   0   5   0   0   0   6   5   3   3   0   5   5  34   3   2   1   3   0
  19  12  17   JPC   0  44      s[] :    0   0   0   5   0   0   0   6   5   3   3   0   5   5  34   3   2   1   3
  18  12  18   LOD   0   3      s[] :    0   0   0   5   0   0   0   6   5   3   3   0   5   5  34   3   2   1   3   3
  19  12  19   LOD   0   3      s[] :    0   0   0   5   0   0   0   6   5   3   3   0   5   5  34   3   2   1   3   3   3
  20  12  20   LIT   0   1      s[] :    0   0   0   5   0   0   0   6   5   3   3   0   5   5  34   3   2   1   3   3   3   1
  21  12  21   OPR   0   3      s[] :    0   0   0   5   0   0   0   6   5   3   3   0   5   5  34   3   2   1   3   3   2
  20  12  22   STO   0   4      s[] :    0   0   0   5   0   0   0   6   5   3   3   0   5   5  34   3   2   1   3   3
  19  12  23   LIT   0   2      s[] :    0   0   0   5   0   0   0   6   5   3   3   0   5   5  34   3   2   1   3   3   2
  20  12  24   OPR   0   3      s[] :    0   0   0   5   0   0   0   6   5   3   3   0   5   5  34   3   2   1   3   1
  19  12  25   STO   0   5      s[] :    0   0   0   5   0   0   0   6   5   3   3   0   5   5  34   3   2   1   3
  18  12  26   LOD   0   4      s[] :    0   0   0   5   0   0   0   6   5   3   3   0   5   5  34   3   2   1   3   2
  19  12  27   STO   0  10      s[] :    0   0   0   5   0   0   0   6   5   3   3   0   5   5  34   3   2   1   3
  18  12  28   CAL   0   9      s[] :    0   0   0   5   0   0   0   6   5   3   3   0   5   5  34   3   2   1   3
  18  19   9   INT   0   7      s[] :    0   0   0   5   0   0   0   6   5   3   3   0   5   5  34   3   2   1   3  12  12  29   2   1   0   1
  25  19  10   LOD   0   3      s[] :    0   0   0   5   0   0   0   6   5   3   3   0   5   5  34   3   2   1   3  12  12  29   2   1   0   1   2
  26  19  11   LIT   0   0      s[] :    0   0   0   5   0   0   0   6   5   3   3   0   5   5  34   3   2   1   3  12  12  29   2   1   0   1   2   0
  27  19  12   OPR   0   8      s[] :    0   0   0   5   0   0   0   6   5   3   3   0   5   5  34   3   2   1   3  12  12  29   2   1   0   1   0
  26  19  13   JPC   0  41      s[] :    0   0   0   5   0   0   0   6   5   3   3   0   5   5  34   3   2   1   3  12  12  29   2   1   0   1
  25  19  14   LOD   0   3      s[] :    0   0   0   5   0   0   0   6   5   3   3   0   5   5  34   3   2   1   3  12  12  29   2   1   0   1   2
  26  19  15   LIT   0   1      s[] :    0   0   0   5   0   0   0   6   5   3   3   0   5   5  34   3   2   1   3  12  12  29   2   1   0   1   2   1
  27  19  16   OPR   0   8      s[] :    0   0   0   5   0   0   0   6   5   3   3   0   5   5  34   3   2   1   3  12  12  29   2   1   0   1   0
  26  19  17   JPC   0  44      s[] :    0   0   0   5   0   0   0   6   5   3   3   0   5   5  34   3   2   1   3  12  12  29   2   1   0   1
  25  19  18   LOD   0   3      s[] :    0   0   0   5   0   0   0   6   5   3   3   0   5   5  34   3   2   1   3  12  12  29   2   1   0   1   2
  26  19  19   LOD   0   3      s[] :    0   0   0   5   0   0   0   6   5   3   3   0   5   5  34   3   2   1   3  12  12  29   2   1   0   1   2   2
  27  19  20   LIT   0   1      s[] :    0   0   0   5   0   0   0   6   5   3   3   0   5   5  34   3   2   1   3  12  12  29   2   1   0   1   2   2   1
  28  19  21   OPR   0   3      s[] :    0   0   0   5   0   0   0   6   5   3   3   0   5   5  34   3   2   1   3  12  12  29   2   1   0   1   2   1
  27  19  22   STO   0   4      s[] :    0   0   0   5   0   0   0   6   5   3   3   0   5   5  34   3   2   1   3  12  12  29   2   1   0   1   2
  26  19  23   LIT   0   2      s[] :    0   0   0   5   0   0   0   6   5   3   3   0   5   5  34   3   2   1   3  12  12  29   2   1   0   1   2   2
  27  19  24   OPR   0   3      s[] :    0   0   0   5   0   0   0   6   5   3   3   0   5   5  34   3   2   1   3  12  12  29   2   1   0   1   0
  26  19  25   STO   0   5      s[] :    0   0   0   5   0   0   0   6   5   3   3   0   5   5  34   3   2   1   3  12  12  29   2   1   0   1
  25  19  26   LOD   0   4      s[] :    0   0   0   5   0   0   0   6   5   3   3   0   5   5  34   3   2   1   3  12  12  29   2   1   0   1   1
  26  19  27   STO   0  10      s[] :    0   0   0   5   0   0   0   6   5   3   3   0   5   5  34   3   2   1   3  12  12  29   2   1   0   1
  25  19  28   CAL   0   9      s[] :    0   0   0   5   0   0   0   6   5   3   3   0   5   5  34   3   2   1   3  12  12  29   2   1   0   1
  25  26   9   INT   0   7      s[] :    0   0   0   5   0   0   0   6   5   3   3   0   5   5  34   3   2   1   3  12  12  29   2   1   0   1  19  19  29   1   1   0   0
  32  26  10   LOD   0   3      s[] :    0   0   0   5   0   0   0   6   5   3   3   0   5   5  34   3   2   1   3  12  12  29   2   1   0   1  19  19  29   1   1   0   0   1
  33  26  11   LIT   0   0      s[] :    0   0   0   5   0   0   0   6   5   3   3   0   5   5  34   3   2   1   3  12  12  29   2   1   0   1  19  19  29   1   1   0   0   1   0
  34  26  12   OPR   0   8      s[] :    0   0   0   5   0   0   0   6   5   3   3   0   5   5  34   3   2   1   3  12  12  29   2   1   0   1  19  19  29   1   1   0   0   0
  33  26  13   JPC   0  41      s[] :    0   0   0   5   0   0   0   6   5   3   3   0   5   5  34   3   2   1   3  12  12  29   2   1   0   1  19  19  29   1   1   0   0
  32  26  14   LOD   0   3      s[] :    0   0   0   5   0   0   0   6   5   3   3   0   5   5  34   3   2   1   3  12  12  29   2   1   0   1  19  19  29   1   1   0   0   1
  33  26  15   LIT   0   1      s[] :    0   0   0   5   0   0   0   6   5   3   3   0   5   5  34   3   2   1   3  12  12  29   2   1   0   1  19  19  29   1   1   0   0   1   1
  34  26  16   OPR   0   8      s[] :    0   0   0   5   0   0   0   6   5   3   3   0   5   5  34   3   2   1   3  12  12  29   2   1   0   1  19  19  29   1   1   0   0   1
  33  26  17   JPC   0  44      s[] :    0   0   0   5   0   0   0   6   5   3   3   0   5   5  34   3   2   1   3  12  12  29   2   1   0   1  19  19  29   1   1   0   0
  32  26  44   LIT   0   1      s[] :    0   0   0   5   0   0   0   6   5   3   3   0   5   5  34   3   2   1   3  12  12  29   2   1   0   1  19  19  29   1   1   0   0   1
  33  26  45   STO   0   6      s[] :    0   0   0   5   0   0   0   6   5   3   3   0   5   5  34   3   2   1   3  12  12  29   2   1   0   1  19  19  29   1   1   0   1
  32  26  46   OPR   0   0      s[] :    0   0   0   5   0   0   0   6   5   3   3   0   5   5  34   3   2   1   3  12  12  29   2   1   0   1
  25  19  29   LOD   0  13      s[] :    0   0   0   5   0   0   0   6   5   3   3   0   5   5  34   3   2   1   3  12  12  29   2   1   0   1   1
  26  19  30   STO   0   4      s[] :    0   0   0   5   0   0   0   6   5   3   3   0   5   5  34   3   2   1   3  12  12  29   2   1   0   1
  25  19  31   LOD   0   5      s[] :    0   0   0   5   0   0   0   6   5   3   3   0   5   5  34   3   2   1   3  12  12  29   2   1   0   1   0
  26  19  32   STO   0  10      s[] :    0   0   0   5   0   0   0   6   5   3   3   0   5   5  34   3   2   1   3  12  12  29   2   1   0   1
  25  19  33   CAL   0   9      s[] :    0   0   0   5   0   0   0   6   5   3   3   0   5   5  34   3   2   1   3  12  12  29   2   1   0   1
  25  26   9   INT   0   7      s[] :    0   0   0   5   0   0   0   6   5   3   3   0   5   5  34   3   2   1   3  12  12  29   2   1   0   1  19  19  34   0   1   0   1
  32  26  10   LOD   0   3      s[] :    0   0   0   5   0   0   0   6   5   3   3   0   5   5  34   3   2   1   3  12  12  29   2   1   0   1  19  19  34   0   1   0   1   0
  33  26  11   LIT   0   0      s[] :    0   0   0   5   0   0   0   6   5   3   3   0   5   5  34   3   2   1   3  12  12  29   2   1   0   1  19  19  34   0   1   0   1   0   0
  34  26  12   OPR   0   8      s[] :    0   0   0   5   0   0   0   6   5   3   3   0   5   5  34   3   2   1   3  12  12  29   2   1   0   1  19  19  34   0   1   0   1   1
  33  26  13   JPC   0  41      s[] :    0   0   0   5   0   0   0   6   5   3   3   0   5   5  34   3   2   1   3  12  12  29   2   1   0   1  19  19  34   0   1   0   1
  32  26  41   LIT   0   0      s[] :    0   0   0   5   0   0   0   6   5   3   3   0   5   5  34   3   2   1   3  12  12  29   2   1   0   1  19  19  34   0   1   0   1   0
  33  26  42   STO   0   6      s[] :    0   0   0   5   0   0   0   6   5   3   3   0   5   5  34   3   2   1   3  12  12  29   2   1   0   1  19  19  34   0   1   0   0
  32  26  43   OPR   0   0      s[] :    0   0   0   5   0   0   0   6   5   3   3   0   5   5  34   3   2   1   3  12  12  29   2   1   0   1
  25  19  34   LOD   0  13      s[] :    0   0   0   5   0   0   0   6   5   3   3   0   5   5  34   3   2   1   3  12  12  29   2   1   0   1   0
  26  19  35   STO   0   5      s[] :    0   0   0   5   0   0   0   6   5   3   3   0   5   5  34   3   2   1   3  12  12  29   2   1   0   1
  25  19  36   LOD   0   4      s[] :    0   0   0   5   0   0   0   6   5   3   3   0   5   5  34   3   2   1   3  12  12  29   2   1   0   1   1
  26  19  37   LOD   0   5      s[] :    0   0   0   5   0   0   0   6   5   3   3   0   5   5  34   3   2   1   3  12  12  29   2   1   0   1   1   0
  27  19  38   OPR   0   2      s[] :    0   0   0   5   0   0   0   6   5   3   3   0   5   5  34   3   2   1   3  12  12  29   2   1   0   1   1
  26  19  39   STO   0   6      s[] :    0   0   0   5   0   0   0   6   5   3   3   0   5   5  34   3   2   1   3  12  12  29   2   1   0   1
  25  19  40   OPR   0   0      s[] :    0   0   0   5   0   0   0   6   5   3   3   0   5   5  34   3   2   1   3
  18  12  29   LOD   0  13      s[] :    0   0   0   5   0   0   0   6   5   3   3   0   5   5  34   3   2   1   3   1
  19  12  30   STO   0   4      s[] :    0   0   0   5   0   0   0   6   5   3   3   0   5   5  34   3   1   1   3
  18  12  31   LOD   0   5      s[] :    0   0   0   5   0   0   0   6   5   3   3   0   5   5  34   3   1   1   3   1
  19  12  32   STO   0  10      s[] :    0   0   0   5   0   0   0   6   5   3   3   0   5   5  34   3   1   1   3
  18  12  33   CAL   0   9      s[] :    0   0   0   5   0   0   0   6   5   3   3   0   5   5  34   3   1   1   3
  18  19   9   INT   0   7      s[] :    0   0   0   5   0   0   0   6   5   3   3   0   5   5  34   3   1   1   3  12  12  34   1   1   0   1
  25  19  10   LOD   0   3      s[] :    0   0   0   5   0   0   0   6   5   3   3   0   5   5  34   3   1   1   3  12  12  34   1   1   0   1   1
  26  19  11   LIT   0   0      s[] :    0   0   0   5   0   0   0   6   5   3   3   0   5   5  34   3   1   1   3  12  12  34   1   1   0   1   1   0
  27  19  12   OPR   0   8      s[] :    0   0   0   5   0   0   0   6   5   3   3   0   5   5  34   3   1   1   3  12  12  34   1   1   0   1   0
  26  19  13   JPC   0  41      s[] :    0   0   0   5   0   0   0   6   5   3   3   0   5   5  34   3   1   1   3  12  12  34   1   1   0   1
  25  19  14   LOD   0   3      s[] :    0   0   0   5   0   0   0   6   5   3   3   0   5   5  34   3   1   1   3  12  12  34   1   1   0   1   1
  26  19  15   LIT   0   1      s[] :    0   0   0   5   0   0   0   6   5   3   3   0   5   5  34   3   1   1   3  12  12  34   1   1   0   1   1   1
  27  19  16   OPR   0   8      s[] :    0   0   0   5   0   0   0   6   5   3   3   0   5   5  34   3   1   1   3  12  12  34   1   1   0   1   1
  26  19  17   JPC   0  44      s[] :    0   0   0   5   0   0   0   6   5   3   3   0   5   5  34   3   1   1   3  12  12  34   1   1   0   1
  25  19  44   LIT   0   1      s[] :    0   0   0   5   0   0   0   6   5   3   3   0   5   5  34   3   1   1   3  12  12  34   1   1   0   1   1
  26  19  45   STO   0   6      s[] :    0   0   0   5   0   0   0   6   5   3   3   0   5   5  34   3   1   1   3  12  12  34   1   1   0   1
  25  19  46   OPR   0   0      s[] :    0   0   0   5   0   0   0   6   5   3   3   0   5   5  34   3   1   1   3
  18  12  34   LOD   0  13      s[] :    0   0   0   5   0   0   0   6   5   3   3   0   5   5  34   3   1   1   3   1
  19  12  35   STO   0   5      s[] :    0   0   0   5   0   0   0   6   5   3   3   0   5   5  34   3   1   1   3
  18  12  36   LOD   0   4      s[] :    0   0   0   5   0   0   0   6   5   3   3   0   5   5  34   3   1   1   3   1
  19  12  37   LOD   0   5      s[] :    0   0   0   5   0   0   0   6   5   3   3   0   5   5  34   3   1   1   3   1   1
  20  12  38   OPR   0   2      s[] :    0   0   0   5   0   0   0   6   5   3   3   0   5   5  34   3   1   1   3   2
  19  12  39   STO   0   6      s[] :    0   0   0   5   0   0   0   6   5   3   3   0   5   5  34   3   1   1   2
  18  12  40   OPR   0   0      s[] :    0   0   0   5   0   0   0   6   5   3   3   0
  11   5  34   LOD   0  13      s[] :    0   0   0   5   0   0   0   6   5   3   3   0   2
  12   5  35   STO   0   5      s[] :    0   0   0   5   0   0   0   6   5   3   2   0
  11   5  36   LOD   0   4      s[] :    0   0   0   5   0   0   0   6   5   3   2   0   3
  12   5  37   LOD   0   5      s[] :    0   0   0   5   0   0   0   6   5   3   2   0   3   2
  13   5  38   OPR   0   2      s[] :    0   0   0   5   0   0   0   6   5   3   2   0   5
  12   5  39   STO   0   6      s[] :    0   0   0   5   0   0   0   6   5   3   2   5
  11   5  40   OPR   0   0      s[] :    0   0   0   5   0
   4   0   6   LOD   0  11      s[] :    0   0   0   5   0   5
   5   0   7   STO   0   4      s[] :    0   0   0   5   5
   4   0   8   OPR   0   0      s[] : 
 === === ===   === === ===             === === === === === === === === === === === === === === ===
 t   b   p     f   l   a                 0   1   2   3   4   5   6   7   8   9  10  11  12  13  14
 end pl/0